0,261,32,14,42,32,6
2,302,50,28,51,46,7
3,408,54,15,29,31,7
1,277,43,16,59,36,7
4,255,33,32,36,21,7
5,213,43,13,24,24,13
6,311,40,11,46,33,8
7,296,30,20,27,32,5
8,368,45,21,45,43,7
11,315,50,23,40,35,8
9,350,39,27,52,48,11
10,333,24,25,45,43,11
12,428,35,29,36,42,11
13,330,43,24,26,53,9
14,560,36,21,28,59,9
15,346,54,38,41,43,8
16,281,28,16,52,33,16
18,329,45,25,43,25,9
17,306,48,15,39,24,10
19,284,34,9,40,42,8
20,326,55,42,55,44,14
22,280,38,16,47,32,13
23,350,35,17,48,55,6
21,492,59,27,73,39,7
24,482,50,191,49,39,11
25,494,57,48,48,41,9
26,267,46,13,51,35,7
27,333,57,27,34,32,14
28,312,42,8,46,45,10
29,405,44,24,29,40,11
30,329,39,11,67,42,6
31,258,51,12,57,29,13
32,480,53,24,52,38,3
33,351,32,12,53,41,5
34,499,47,6,58,54,7
35,312,31,19,49,40,7
36,270,34,13,39,31,9
37,468,58,20,33,40,10
38,315,47,9,57,39,6
39,254,51,14,48,28,10
40,266,24,27,21,34,6
42,265,29,20,25,34,6
41,302,34,12,30,33,13
44,356,59,29,60,31,11
45,413,41,43,32,37,11
43,358,61,175,57,40,9
46,299,53,32,37,39,9
49,270,29,13,45,43,13
47,329,57,15,37,36,8
50,361,66,37,47,33,15
48,323,55,16,42,40,13
54,530,41,25,23,46,6
52,354,43,107,49,46,7
51,330,33,15,53,55,9
56,433,33,30,27,29,6
55,351,28,31,36,36,3
53,290,29,8,49,49,8
57,260,26,21,21,17,4
60,350,51,26,44,38,4
61,336,44,25,31,43,8
58,247,33,21,43,34,10
59,331,59,33,50,33,6
63,343,31,31,45,38,11
62,304,38,10,39,30,6
64,294,44,10,45,41,8
65,355,65,14,70,47,18
66,375,50,17,45,39,13
67,360,40,8,59,39,5
69,337,33,11,46,44,12
68,526,39,31,52,56,13
70,375,65,19,60,50,11
73,337,54,28,27,31,11
71,360,32,19,43,49,11
72,341,51,28,40,30,15
75,455,53,31,36,44,4
74,305,40,27,50,34,9
76,221,51,14,45,30,8
77,331,36,13,47,31,16
78,304,44,16,49,26,8
79,325,37,17,52,45,8
80,352,47,243,51,42,10
81,374,47,41,57,58,5
83,291,30,22,47,33,8
82,330,62,18,50,52,8
86,400,43,12,35,39,9
85,335,45,11,23,31,12
84,377,45,17,37,46,14
87,354,43,186,47,31,9
88,353,72,54,35,36,15
91,317,29,17,20,34,6
89,370,46,38,20,22,8
90,305,69,48,41,32,8
92,705,33,35,38,42,14
93,393,45,38,48,42,4
94,315,53,22,27,37,8
95,425,36,41,38,49,15
97,291,48,21,40,33,9
98,314,40,19,33,30,10
96,306,45,15,49,31,5
101,285,33,24,30,46,5
99,308,49,17,54,43,11
100,472,43,197,27,41,3
102,359,81,17,37,39,11
0,945,87,439,0,0,0
1,1288,91,310,0,0,0
2,1332,67,107,0,0,0
3,1032,85,108,0,0,0
0,891,221,297,0,0,0
3,908,204,165,0,0,0
2,766,200,304,0,0,0
1,672,202,131,0,0,0
3,944,69,107,0,0,0
0,1110,69,120,0,0,0
2,1258,116,111,0,0,0
1,1192,106,165,0,0,0
0,761,213,212,0,0,0
3,774,238,156,0,0,0
1,1027,232,290,0,0,0
2,917,188,153,0,0,0
1,905,62,87,0,0,0
0,1106,103,131,0,0,0
3,1144,88,106,0,0,0
2,1421,81,106,0,2,0
0,967,204,149,0,0,0
2,760,194,150,0,0,0
1,894,229,145,0,0,0
3,675,195,119,0,0,0
