6,286,52,22,54,47,3
7,320,60,21,55,43,9
9,572,41,17,43,45,4
8,354,41,19,50,42,7
10,345,42,39,23,25,12
11,362,24,46,13,21,9
6,295,38,12,59,51,7
7,303,40,15,52,54,12
8,369,56,12,63,68,7
10,353,36,43,18,24,7
9,565,41,18,49,43,4
11,333,39,53,12,24,7
6,286,41,15,52,46,5
7,279,54,20,57,50,3
9,363,45,191,43,48,6
8,317,39,24,53,53,7
10,374,35,37,18,33,10
11,471,30,50,15,13,13
7,323,43,16,58,59,8
9,365,42,32,39,54,7
8,321,36,23,61,39,5
6,321,40,14,62,58,8
10,523,49,54,26,32,9
11,359,18,32,17,13,10
6,361,47,15,56,52,8
8,294,35,14,63,39,8
7,343,40,13,65,53,15
9,366,34,27,48,51,12
10,325,38,69,23,42,8
11,330,26,46,12,14,5
7,339,41,17,57,40,2
9,519,54,33,24,39,2
10,654,31,211,19,32,13
6,319,41,9,60,69,8
8,348,46,13,70,56,6
11,327,26,55,11,18,3
7,308,67,23,60,51,9
6,298,42,15,75,60,6
9,546,36,29,31,44,13
8,335,62,16,66,45,7
10,504,31,59,27,28,6
11,523,34,38,14,23,11
7,335,38,16,37,47,6
6,417,55,14,64,51,9
8,360,50,25,56,48,7
10,380,19,52,14,24,4
9,346,39,43,58,36,8
11,336,22,38,8,17,11
7,331,40,12,59,50,8
6,295,60,12,81,45,13
9,524,28,24,30,43,10
10,368,33,45,31,31,14
8,326,49,55,52,55,10
11,628,25,228,11,19,3
7,305,46,15,50,52,7
6,254,60,4,63,42,6
9,362,56,29,47,35,13
8,342,43,13,50,47,11
10,697,37,42,24,27,9
11,379,17,46,9,18,14
7,284,32,12,51,60,5
8,342,39,19,41,64,6
6,299,46,13,64,41,8
10,657,32,56,18,21,15
9,405,65,22,47,51,12
11,309,12,36,9,9,5
7,315,35,10,61,48,7
9,286,50,38,43,44,13
8,334,37,21,46,48,4
6,311,48,15,72,45,13
10,489,36,69,14,30,9
11,518,20,63,10,14,8
7,287,45,20,55,42,8
6,311,44,15,86,42,7
9,351,41,199,41,41,8
10,357,24,51,16,30,7
8,524,51,27,54,40,14
11,453,41,203,14,28,6
6,243,34,5,59,35,9
7,324,30,11,51,51,4
8,359,35,17,40,50,9
10,426,36,42,20,25,4
9,533,46,182,58,38,5
11,571,25,44,11,23,13
6,310,50,9,54,48,10
7,280,41,22,65,43,8
9,310,40,30,32,41,8
8,339,44,17,44,47,3
11,495,26,40,21,23,10
10,333,28,45,20,26,6
7,261,50,164,56,44,8
6,295,51,13,60,63,3
9,415,24,18,54,36,9
8,330,30,27,60,48,10
11,456,28,62,18,22,13
10,425,37,47,27,35,9
6,292,37,9,57,59,7
7,319,56,19,68,48,12
9,369,34,25,41,53,10
10,317,33,28,19,22,9
8,402,43,19,58,40,9
11,366,34,184,15,22,9
7,380,38,16,56,57,5
9,390,33,21,39,44,11
8,332,31,20,45,49,9
6,335,58,10,66,37,2
10,501,41,47,28,29,7
11,331,52,34,11,13,7
6,283,68,14,69,42,5
9,372,40,25,38,43,15
7,323,42,16,62,37,9
8,308,28,21,50,55,9
10,349,48,37,22,24,9
11,303,25,42,11,24,7
7,314,59,26,69,49,11
8,316,55,17,52,43,10
9,363,44,31,47,54,11
6,316,44,12,59,55,8
10,342,36,25,22,31,11
11,325,27,46,20,18,12
7,289,43,12,52,43,11
6,394,22,7,54,40,7
9,352,22,10,32,36,11
8,293,29,10,59,48,11
11,422,33,33,15,18,13
10,400,66,70,27,44,7
8,311,42,18,43,34,5
6,310,36,11,66,42,4
7,285,39,26,53,37,7
10,309,39,30,13,20,10
9,352,49,34,54,47,7
11,492,38,63,18,19,9