13,401,45,25,58,57,7
14,337,54,24,64,39,11
15,301,57,10,63,37,11
12,396,80,23,92,52,9
17,247,35,13,19,21,8
16,579,49,28,43,26,6
12,299,38,13,56,40,11
13,322,36,16,53,48,1
14,327,35,17,62,63,6
15,335,41,17,57,52,15
16,293,49,17,56,33,3
17,256,12,6,12,23,12
13,373,42,25,54,69,1
12,387,45,29,65,48,6
14,306,46,17,54,47,7
16,429,36,22,37,34,7
15,428,42,15,56,42,10
17,242,36,21,11,28,10
13,356,49,24,54,49,12
12,386,34,28,54,56,7
14,435,30,20,30,45,8
15,357,51,25,51,41,6
16,457,43,19,49,28,7
17,439,36,10,37,19,11
12,311,41,23,61,48,7
14,305,45,32,63,39,8
13,504,65,35,63,41,10
15,313,39,23,40,45,8
16,386,54,27,42,29,5
17,400,34,20,14,25,4
14,302,38,19,47,57,13
12,389,40,20,55,57,7
13,385,35,19,45,57,5
16,274,28,20,56,30,9
15,469,38,16,51,59,8
17,257,25,14,18,19,11
12,359,33,15,60,47,10
13,438,39,189,62,53,8
14,299,36,12,66,48,14
15,346,36,24,54,51,9
16,308,36,35,43,29,11
17,233,31,106,11,24,9
12,341,38,27,36,46,6
14,275,37,15,46,41,10
15,322,53,17,53,41,6
13,324,32,18,48,69,3
17,227,41,13,18,23,8
16,297,29,22,54,35,7
15,278,29,25,39,39,4
12,394,37,11,43,68,5
14,342,69,23,64,46,6
16,286,42,19,50,28,8
13,382,38,11,61,66,9
17,307,31,15,14,30,13
15,321,54,13,49,34,3
12,355,49,21,58,57,9
14,299,46,21,68,34,12
13,340,41,179,56,50,7
16,440,43,22,52,30,12
17,243,25,6,17,19,5
12,328,39,18,55,48,9
13,324,40,25,44,56,6
14,291,41,22,61,45,8
15,281,49,20,63,39,7
16,336,35,19,44,36,14
17,248,48,23,16,20,9
12,360,29,11,51,62,4
13,318,40,27,51,44,7
16,382,58,21,49,45,9
15,306,45,21,56,49,9
14,428,51,14,68,55,9
17,427,33,17,13,28,15
12,306,27,20,44,71,5
13,378,33,13,42,56,8
14,333,53,27,55,43,7
15,325,43,77,49,44,17
16,308,51,14,50,30,8
17,299,43,14,37,24,11
13,354,55,25,61,58,15
16,299,30,13,34,28,13
14,309,50,176,67,43,7
12,318,47,25,53,45,8
15,378,34,12,48,48,4
17,293,40,16,12,25,9
12,368,30,13,39,62,10
15,291,31,12,38,42,12
16,295,40,14,37,37,9
14,327,68,10,67,57,12
13,379,67,20,63,47,14
17,338,24,12,18,20,17
13,348,27,14,49,39,3
14,463,54,23,49,41,7
15,345,49,10,53,49,9
12,360,34,17,53,47,13
17,241,30,3,28,23,13
16,299,32,15,34,37,13
12,353,50,25,41,49,10
13,350,39,17,50,54,11
14,335,49,18,66,40,7
15,327,57,22,56,37,9
16,313,37,10,47,33,8
17,235,45,20,23,24,9
12,384,45,19,46,42,10
13,357,42,29,56,53,9
16,269,23,12,45,26,4
15,328,39,26,62,42,11
14,424,39,12,50,45,8
17,214,28,16,18,17,10
13,324,44,10,42,38,8
16,294,51,14,27,27,10
12,464,40,171,51,50,3
15,302,43,184,48,36,11
14,360,37,15,50,49,8
17,257,39,25,22,20,13
15,295,54,21,59,42,12
13,511,54,14,67,53,10
16,297,50,18,37,33,8
14,288,52,11,65,42,10
12,327,58,33,72,45,11
17,451,30,15,29,29,13
13,315,31,19,53,48,4
12,318,47,22,62,50,8
16,290,25,13,37,37,14
15,310,46,17,61,37,8
14,350,64,40,61,65,1
17,252,33,29,22,19,7
13,373,34,28,41,59,8
14,318,53,13,48,45,11
16,274,42,21,46,28,11
15,324,56,16,56,49,12
12,355,48,25,60,64,11
17,291,41,21,21,22,9